10136	0.00 0,000000 76,000000 9,363636
10140	5.00 0,000000 126,000000 8,317073
10146	0.00 0,000000 34,000000 13,857143
10158	0.00 0,000000 147,000000 25,333333
10170	54.00 0,000000 76,000000 38,000000
10208	0.00 0,000000 246,000000 13,842105
10268	223.00 2,000000 154,000000 42,750000
10372	0.00 0,000000 136,000000 21,306452
10408	0.00 0,000000 146,000000 17,583333
10434	0.00 0,000000 20,000000 5,222222
10620	16.00 0,000000 58,000000 11,473684
10666	3.00 0,000000 20,000000 5,000000
10728	36.00 0,000000 35,000000 13,125000
10732	0.00 0,000000 109,000000 11,416667
10754	0.00 0,000000 306,000000 45,333333
10792	0.00 0,000000 128,000000 11,068376
10800	0.00 0,000000 192,000000 11,868750
10868	0.00 0,000000 119,000000 15,961538
10874	13.00 0,000000 83,000000 6,281250
10918	0.00 0,000000 15,000000 4,000000
10926	0.00 0,000000 151,000000 16,888889
10930	0.00 0,000000 138,000000 40,800000
10980	0.00 0,000000 124,000000 13,642857
10990	44.00 0,000000 173,000000 46,444444
10994	18.00 0,000000 198,000000 8,705882
11042	5.00 0,000000 326,000000 18,218430
11066	8.00 0,000000 315,000000 20,989899
11076	0.00 2,000000 69,000000 32,200000
11092	0.00 0,000000 0,000000 0,000000
11122	0.00 0,000000 98,000000 8,187500
11140	89.00 0,000000 72,000000 10,220000
11146	0.00 0,000000 20,000000 6,833333
11150	31.00 0,000000 63,000000 18,285714
11252	2.00 0,000000 49,000000 7,583333
11274	0.00 0,000000 83,000000 19,142857
11278	0.00 0,000000 396,000000 12,085106
11292	43.00 0,000000 420,000000 15,380339
11298	23.00 0,000000 1201,000000 17,743430
11308	45.00 0,000000 91,000000 17,700000
11540	0.00 0,000000 140,000000 12,625000
11612	12.00 0,000000 101,000000 15,357143
11618	0.00 0,000000 557,000000 16,151980
11624	0.00 0,000000 3,000000 0,136364
11630	2.00 0,000000 38,000000 3,666667
11638	0.00 0,000000 82,000000 12,500000
11648	7.00 0,000000 77,000000 18,545455
11778	13.00 0,000000 93,000000 7,888889
11884	60.00 0,000000 117,000000 7,486486
11898	2.00 0,000000 7,000000 2,333333
11980	7.00 0,000000 38,000000 10,400000
11982	69.00 0,000000 148,000000 10,108108
11986	0.00 0,000000 313,000000 19,675676
11996	3.00 0,000000 149,000000 17,115385
12012	0.00 0,000000 154,000000 49,000000
12016	22.00 4,000000 4,000000 4,000000
12094	0.00 0,000000 48,000000 9,937500
12156	0.00 0,000000 28,000000 3,090909
12206	33.00 0,000000 53,000000 6,250000
12264	17.00 0,000000 256,000000 12,574648
12266	0.00 0,000000 464,000000 14,437596
12278	69.00 0,000000 186,000000 22,295775
12280	0.00 0,000000 103,000000 23,117647
12320	0.00 5,000000 5,000000 5,000000
12402	4.00 0,000000 44,000000 3,653061
12448	8.00 0,000000 97,000000 11,193548
12478	156.00 0,000000 395,000000 16,101152
12758	0.00 0,000000 148,000000 7,436893
12884	9.00 0,000000 47,000000 12,266667
12888	49.00 0,000000 161,000000 26,833333
12892	0.00 0,000000 462,000000 11,583037
12896	3.00 0,000000 81,000000 13,081633
12898	94.00 0,000000 27,000000 3,875000
12954	3.00 0,000000 121,000000 8,662500
12982	4.00 0,000000 195,000000 9,109890
12992	0.00 0,000000 205,000000 19,010204
13076	50.00 0,000000 68,000000 22,090909
13158	153.00 0,000000 79,000000 8,388889
13184	62.00 0,000000 81,000000 18,066667
13198	0.00 0,000000 236,000000 11,386707
13204	0.00 0,000000 306,000000 12,016495
13230	4.00 0,000000 124,000000 19,655172
13232	17.00 0,000000 206,000000 10,139818
13244	0.00 0,000000 188,000000 13,701613
13256	9.00 0,000000 142,000000 24,138889
13264	0.00 0,000000 84,000000 11,400000
13290	4.00 0,000000 111,000000 13,846154
13296	0.00 0,000000 110,000000 14,521739
13342	0.00 0,000000 215,000000 8,726891
13344	14.00 0,000000 81,000000 27,000000
13360	0.00 0,000000 9,000000 1,200000
13388	0.00 0,000000 27,000000 9,000000
13422	0.00 0,000000 100,000000 10,567568
13476	0.00 0,000000 186,000000 17,441176
13486	0.00 0,000000 7,000000 1,800000
13502	38.00 0,000000 137,000000 13,695652
13796	0.00 0,000000 176,000000 9,994565
13830	0.00 0,000000 272,000000 8,555556
13930	0.00 0,000000 529,000000 22,285714
13970	0.00 0,000000 0,000000 0,000000
14006	0.00 0,000000 15,000000 2,500000
14098	0.00 0,000000 16,000000 5,692308
14100	0.00 0,000000 336,000000 13,792115
14108	0.00 0,000000 217,000000 27,968750
14122	0.00 0,000000 368,000000 12,701923
14150	0.00 0,000000 5,000000 1,666667
14252	114.00 0,000000 115,000000 21,285714
14254	0.00 0,000000 0,000000 0,000000
14256	0.00 0,000000 19,000000 5,200000
14262	10.00 0,000000 170,000000 13,280374
14288	15.00 0,000000 59,000000 12,600000
14492	27.00 0,000000 165,000000 12,857664
14520	49.00 0,000000 9,000000 2,285714
14524	0.00 0,000000 175,000000 10,441667
14570	0.00 0,000000 149,000000 10,094828
14574	4.00 0,000000 109,000000 12,909091
14576	0.00 0,000000 163,000000 16,328358
14588	0.00 0,000000 10,000000 1,714286
14674	36.00 0,000000 22,000000 11,750000
14696	0.00 0,000000 245,000000 31,815789
14698	0.00 0,000000 123,000000 8,125000
14730	18.00 0,000000 113,000000 10,695652
14794	9.00 0,000000 27,000000 2,923077
14814	0.00 0,000000 63,000000 7,769231
14828	24.00 0,000000 81,000000 11,875000
14842	0.00 0,000000 35,000000 7,076923
14908	0.00 0,000000 127,000000 5,540816
14952	51.00 0,000000 38,000000 5,727273
14960	0.00 0,000000 200,000000 33,888889
14986	0.00 0,000000 178,000000 8,666667
15008	0.00 1,000000 76,000000 38,500000
15016	0.00 0,000000 383,000000 13,403990
15024	7.00 0,000000 167,000000 15,938776
15048	0.00 0,000000 18,000000 9,000000
15070	41.00 0,000000 189,000000 32,666667
15096	0.00 0,000000 110,000000 17,852941
15304	0.00 0,000000 513,000000 12,606349
15356	18.00 0,000000 112,000000 23,375000
15370	6.00 0,000000 140,000000 11,123077
15376	28.00 0,000000 167,000000 13,392593
15380	223.00 0,000000 199,000000 40,357143
15412	0.00 0,000000 239,000000 19,192982
15582	7.00 0,000000 19,000000 4,400000
15624	0.00 0,000000 79,000000 5,714286
16218	0.00 0,000000 24,000000 6,428571
