10135	Allentown/Bethlehem/Easto 0,000000 5,923077 23,000000 13
10141	Aberdee 0,000000 5,200000 22,000000 5
10155	Wac 0,000000 13,882353 74,000000 17
10157	Arcata/Eurek 0,000000 11,411765 96,000000 17
10165	Adak Islan 0,000000 0,000000 0,000000 1
10185	Alexandri 0,000000 5,000000 55,000000 25
10257	Alban 0,000000 15,627119 241,000000 59
10279	Amarill 0,000000 13,415094 95,000000 53
10299	Anchorag 0,000000 10,487179 375,000000 117
10333	Alpen 0,000000 0,000000 0,000000 3
10397	Atlant 0,000000 10,126071 653,000000 2919
10423	Austi 0,000000 13,866261 340,000000 329
10431	Ashevill 0,000000 13,444444 152,000000 18
10469	Kalamazo 0,000000 23,000000 122,000000 19
10529	Hartfor 0,000000 15,534591 293,000000 159
10551	Bethe 0,000000 1,285714 9,000000 7
10561	Bakersfiel 0,000000 22,840000 141,000000 25
10599	Birmingha 0,000000 12,914286 154,000000 105
10627	Bismarck/Manda 0,000000 14,800000 272,000000 30
10631	Bemidj 0,000000 1,000000 4,000000 6
10685	Bloomington/Norma 0,000000 27,043478 241,000000 23
10693	Nashvill 0,000000 12,583554 391,000000 377
10713	Bois 0,000000 15,548077 122,000000 104
10721	Bosto 0,000000 14,349282 292,000000 836
10731	Brunswic 0,000000 23,500000 187,000000 8
10739	Brainer 0,000000 1,500000 6,000000 4
10747	Brownsvill 0,000000 7,105263 51,000000 19
10779	Butt 0,000000 3,500000 12,000000 6
10781	Baton Roug 0,000000 17,350000 200,000000 60
10785	Burlingto 0,000000 23,809524 144,000000 21
10821	Baltimor 0,000000 12,327869 475,000000 671
10849	Bozema 0,000000 24,625000 214,000000 24
11003	Cedar Rapids/Iowa Cit 0,000000 25,250000 206,000000 64
11013	Sault Ste. Mari 0,000000 34,250000 123,000000 4
11041	Carlsba 0,000000 4,200000 24,000000 20
11049	College Station/Brya 0,000000 8,181818 40,000000 22
11057	Charlott 0,000000 10,099021 263,000000 919
11067	Champaign/Urban 0,000000 28,700000 129,000000 20
11097	Cod 0,000000 4,666667 25,000000 6
11109	Colorado Spring 0,000000 26,750000 224,000000 64
11111	Columbi 0,000000 42,727273 380,000000 11
11193	Cincinnat 0,000000 15,276471 179,000000 170
11203	Mosine 0,000000 27,363636 150,000000 11
11259	Dalla 0,000000 10,705761 278,000000 486
11267	Dayto 0,000000 11,698630 218,000000 73
11315	Dickinso 0,000000 20,090909 175,000000 11
11337	Dulut 0,000000 26,538462 177,000000 13
11413	Durang 0,000000 13,333333 122,000000 18
11423	Des Moine 0,000000 18,792208 167,000000 77
11433	Detroi 0,000000 12,169691 514,000000 937
11447	Devils Lak 0,000000 31,750000 114,000000 4
11471	Eau Clair 0,000000 63,285714 264,000000 7
11481	Panama Cit 0,000000 3,266667 31,000000 30
11503	Eagl 0,000000 20,480000 124,000000 25
11525	Elk 0,000000 13,333333 59,000000 6
11537	Elmira/Cornin 0,000000 17,875000 64,000000 16
11577	Eri 0,000000 10,545455 70,000000 11
11587	Escanab 0,000000 46,666667 245,000000 6
11603	Eugen 0,000000 14,242424 94,000000 33
11617	New Bern/Morehead/Beaufor 0,000000 0,000000 0,000000 5
11637	Farg 0,000000 15,693878 127,000000 49
11641	Fayettevill 0,000000 4,000000 41,000000 16
11695	Flagstaf 0,000000 16,785714 112,000000 14
11697	Fort Lauderdal 0,000000 10,625000 269,000000 672
11721	Flin 0,000000 8,500000 171,000000 38
11775	Sioux Fall 0,000000 22,180328 165,000000 61
11823	Fort Wayn 0,000000 15,666667 129,000000 27
11865	Gillett 0,000000 12,583333 56,000000 12
11867	Garden Cit 0,000000 3,666667 22,000000 6
11905	Longvie 0,000000 29,200000 92,000000 5
11921	Grand Junctio 0,000000 4,080000 39,000000 25
11953	Gainesvill 0,000000 7,086957 86,000000 23
11973	Gulfport/Bilox 0,000000 10,837838 113,000000 37
11977	Green Ba 0,000000 14,414634 113,000000 41
11995	Greensboro/High Poin 0,000000 16,830769 307,000000 65
12003	Great Fall 0,000000 15,937500 89,000000 16
12007	Columbu 0,000000 7,571429 42,000000 7
12129	Hibbin 0,000000 11,125000 51,000000 8
12173	Honolul 0,000000 12,020460 1013,000000 391
12177	Hobb 0,000000 20,000000 73,000000 4
12191	Housto 0,000000 8,865096 171,000000 467
12197	White Plain 0,000000 17,348485 233,000000 66
12217	Huntsvill 0,000000 19,765957 159,000000 47
12255	Hay 0,000000 5,600000 15,000000 5
12265	Niagara Fall 0,000000 21,333333 38,000000 3
12323	Wilmingto 0,000000 7,307692 95,000000 13
12335	Iron Mountain/Kingsf 0,000000 30,500000 114,000000 6
12339	Indianapoli 0,000000 13,277273 262,000000 220
12343	International Fall 0,000000 5,500000 33,000000 6
12389	Willisto 0,000000 19,200000 89,000000 25
12391	Isli 0,000000 14,023810 240,000000 42
12441	Jackso 0,000000 22,625000 320,000000 40
12451	Jacksonvill 0,000000 10,512500 142,000000 160
12511	Jopli 0,000000 15,166667 47,000000 6
12519	Jamestow 0,000000 39,285714 104,000000 7
12523	Junea 0,000000 2,739130 51,000000 23
12819	Ketchika 0,000000 6,703704 43,000000 27
12889	Las Vega 0,000000 9,529412 251,000000 1139
12891	Lawton/Fort Sil 0,000000 11,750000 45,000000 12
12915	Lake Charle 0,000000 7,200000 43,000000 15
12945	Lexingto 0,000000 14,702128 136,000000 47
12951	Lafayett 0,000000 10,775510 92,000000 49
12953	New Yor 0,000000 18,579365 331,000000 882
13029	Lincol 0,000000 14,800000 123,000000 20
13061	Lared 0,000000 18,722222 172,000000 18
13127	Lewisto 0,000000 0,000000 0,000000 5
13241	Meridia 0,000000 29,888889 246,000000 9
13277	Montgomer 0,000000 5,928571 60,000000 28
13303	Miam 0,000000 13,105183 237,000000 656
13367	Molin 0,000000 22,804878 205,000000 41
13377	Monro 0,000000 23,000000 161,000000 26
13433	Mino 0,000000 10,714286 61,000000 14
13459	Marquett 0,000000 58,333333 175,000000 3
13485	Madiso 0,000000 20,684932 251,000000 73
13487	Minneapoli 0,000000 10,436730 371,000000 893
13495	New Orlean 0,000000 8,970845 199,000000 343
13577	Myrtle Beac 0,000000 14,130435 104,000000 23
13795	Jacksonville/Camp Lejeun 0,000000 5,545455 33,000000 11
13851	Oklahoma Cit 0,000000 15,534351 150,000000 131
13871	Omah 0,000000 10,838028 140,000000 142
13873	Nom 0,000000 7,333333 14,000000 3
13891	Ontari 0,000000 8,490683 97,000000 161
13931	Norfol 0,000000 12,382716 166,000000 81
13933	Worceste 0,000000 0,000000 0,000000 5
14025	Plattsburg 9,000000 18,000000 32,000000 3
14027	West Palm Beach/Palm Beac 0,000000 11,811715 141,000000 239
14057	Portlan 0,000000 9,881748 185,000000 389
14107	Phoeni 0,000000 10,680365 498,000000 1314
14109	Hattiesburg/Laure 0,000000 2,800000 14,000000 5
14113	Pocatell 0,000000 1,428571 5,000000 7
14193	Pensacol 0,000000 10,740000 176,000000 50
14307	Providenc 0,000000 12,022727 95,000000 88
14321	Portlan 0,000000 10,545455 97,000000 22
14457	Rapid Cit 0,000000 13,315789 108,000000 19
14487	Reddin 0,000000 21,111111 134,000000 9
14489	Bend/Redmon 0,000000 23,733333 131,000000 15
14543	Rock Spring 0,000000 11,846154 138,000000 13
14633	Rocheste 0,000000 22,411765 179,000000 17
14635	Fort Myer 0,000000 12,892734 484,000000 289
14679	San Dieg 0,000000 7,839404 267,000000 604
14683	San Antoni 0,000000 15,828000 391,000000 250
14685	Savanna 0,000000 12,107143 201,000000 56
14689	Santa Barbar 0,000000 16,555556 152,000000 54
14709	Deadhors 0,000000 2,166667 12,000000 12
14711	State Colleg 0,000000 9,857143 33,000000 7
14747	Seattl 0,000000 11,886750 531,000000 883
14771	San Francisc 0,000000 15,491386 556,000000 1219
14783	Springfiel 0,000000 20,706897 223,000000 58
14831	San Jos 0,000000 10,701220 206,000000 328
14843	San Jua 0,000000 13,357466 209,000000 221
14869	Salt Lake Cit 0,000000 8,072497 475,000000 869
14893	Sacrament 0,000000 10,750831 135,000000 301
14905	Santa Mari 0,000000 4,400000 22,000000 5
15027	Christianste 0,000000 1,777778 12,000000 9
15041	Sun Valley/Hailey/Ketchu 0,000000 9,800000 33,000000 10
15249	Tallahasse 0,000000 5,312500 55,000000 32
15295	Toled 0,000000 12,555556 40,000000 9
15323	Bristol/Johnson City/Kingspor 0,000000 9,062500 78,000000 16
15389	Twin Fall 1,000000 12,000000 32,000000 6
15401	Texarkan 0,000000 1,714286 12,000000 7
15411	Tyle 0,000000 25,100000 149,000000 20
15497	St. Augustin 0,000000 0,000000 0,000000 1
15607	Valdost 0,000000 8,750000 50,000000 8
15841	Wrangel 0,000000 10,333333 31,000000 3
15919	Fayettevill 0,000000 16,219178 119,000000 73
15991	Yakuta 0,000000 7,111111 41,000000 9
